



695.6183471679688 130.59864807128906 818.954345703125 346.16876220703125
697.3919067382812 129.76431274414062 811.7525634765625 345.2543640136719
697.1289672851562 130.75083923339844 813.5311889648438 345.2210388183594
695.071533203125 133.67417907714844 814.99658203125 344.6773681640625
694.9449462890625 137.88427734375 854.8048706054688 347.9213562011719
693.32568359375 142.5463104248047 859.11376953125 342.07415771484375
694.5253295898438 147.37110900878906 850.217529296875 343.1324462890625
694.8189697265625 141.50115966796875 855.1316528320312 344.98223876953125
694.96875 142.71926879882812 857.2705688476562 344.3890380859375
694.1895141601562 135.42889404296875 853.5508422851562 341.5548400878906
695.57421875 141.96234130859375 855.8382568359375 342.3957824707031
697.374755859375 142.27157592773438 863.15966796875 346.0350036621094
696.4469604492188 139.22467041015625 868.037353515625 347.60894775390625
695.975830078125 139.2046356201172 875.8660888671875 353.042236328125
695.5021362304688 139.28277587890625 875.9511108398438 354.0559387207031
696.3748168945312 139.0587158203125 883.4452514648438 366.615234375
697.9315185546875 133.7041778564453 892.3610229492188 380.4831237792969
700.2498779296875 132.52618408203125 899.3735961914062 388.1624450683594
700.89599609375 126.04988098144531 904.1089477539062 390.6733093261719
699.2256469726562 128.80044555664062 908.5347290039062 392.4017639160156
698.5199584960938 129.40162658691406 908.4457397460938 392.6507873535156
700.82666015625 129.06837463378906 909.2250366210938 396.49908447265625
699.6432495117188 128.69561767578125 909.4122314453125 409.2209777832031
703.2225341796875 128.86456298828125 902.1356201171875 403.6549072265625
701.3478393554688 129.67738342285156 897.2645874023438 406.2317199707031
700.6658325195312 132.69577026367188 895.735107421875 410.7605285644531
699.8480834960938 132.11080932617188 895.1116943359375 410.9353332519531
702.4216918945312 132.05792236328125 896.497802734375 407.9658508300781
699.7979125976562 125.61035919189453 900.1519165039062 407.740478515625
698.6316528320312 131.0292205810547 903.0145263671875 410.37255859375
697.1265258789062 126.79132080078125 904.0692138671875 412.8964538574219
696.5258178710938 118.18338775634766 902.9046630859375 414.78131103515625
696.48779296875 119.51583862304688 902.8155517578125 414.51165771484375
697.2896728515625 116.62523651123047 902.7821655273438 410.4173583984375
698.5302734375 115.83696746826172 897.050537109375 408.21240234375
702.029541015625 117.88880157470703 899.7838745117188 406.8772277832031
692.8092041015625 117.44125366210938 899.978515625 402.1960754394531
683.0623779296875 109.69064331054688 895.3134155273438 399.0856628417969
683.2432250976562 111.14471435546875 894.844970703125 400.0002746582031
676.9992065429688 132.564208984375 895.8195190429688 392.2132263183594
673.9010620117188 127.0335464477539 892.9192504882812 385.75579833984375
670.688232421875 138.72503662109375 891.209716796875 375.5539245605469
667.2005004882812 142.91297912597656 893.2685546875 366.86517333984375
665.3170776367188 151.32713317871094 890.72802734375 363.9340515136719
664.9561767578125 151.2454071044922 891.04736328125 364.900634765625
658.468505859375 148.18862915039062 894.2909545898438 361.5528564453125
645.7761840820312 150.38185119628906 894.6604614257812 366.0415954589844
629.550048828125 142.8445281982422 896.6636352539062 363.49932861328125
623.236328125 138.9951629638672 894.9788818359375 354.79217529296875
608.9877319335938 141.7550811767578 896.2534790039062 347.6463317871094
610.5037231445312 141.546875 896.7755737304688 348.0230407714844
599.7877197265625 141.69627380371094 895.4114379882812 353.95733642578125
601.2236328125 139.41738891601562 892.9986572265625 349.9081726074219
603.30712890625 145.33616638183594 892.8367309570312 360.5749816894531
610.6785278320312 146.39236450195312 894.1221313476562 362.25732421875
608.6146240234375 146.7791748046875 895.7598876953125 364.0802001953125
608.2677001953125 146.85890197753906 895.954833984375 364.2429504394531
618.7334594726562 147.5958251953125 896.957275390625 359.2436828613281
613.787353515625 147.69305419921875 896.724609375 355.6901550292969
608.2777099609375 150.71524047851562 896.8936157226562 358.9086608886719
598.6038208007812 147.86000061035156 899.2652587890625 368.2602233886719
596.8484497070312 145.2588348388672 896.6344604492188 366.41217041015625
598.421142578125 147.53977966308594 896.4451293945312 366.2745666503906
599.6141357421875 148.30613708496094 894.6157836914062 365.455810546875
586.349853515625 141.49905395507812 885.8135986328125 370.0543518066406
712.221923828125 151.4703826904297 879.7339477539062 370.73480224609375

719.79052734375 150.2838897705078 865.0374755859375 371.2298278808594
719.647705078125 150.26544189453125 865.0983276367188 370.904541015625
581.7559204101562 150.60531616210938 852.5077514648438 368.7972106933594
721.2252197265625 150.4253692626953 854.0468139648438 372.1509094238281
597.6756591796875 148.56089782714844 844.6325073242188 369.7718200683594
603.626708984375 148.3496551513672 853.2905883789062 372.9560241699219
603.0823364257812 151.55528259277344 863.062744140625 372.62664794921875
603.18994140625 152.09945678710938 862.9664306640625 371.158203125
617.6878051757812 144.7454833984375 865.07861328125 376.58868408203125
629.62109375 144.26112365722656 871.9291381835938 375.2723083496094
641.4757080078125 137.9370880126953 881.931640625 376.0128173828125
658.52734375 135.7774658203125 890.4464721679688 380.4867858886719
674.9551391601562 130.718017578125 897.8704223632812 379.79931640625
674.8292236328125 130.8728485107422 897.8081665039062 380.4029846191406
683.0972900390625 131.15626525878906 907.1258544921875 369.5735778808594
691.5377807617188 132.1069793701172 918.4129028320312 359.5170593261719
691.4462280273438 135.50857543945312 926.8748779296875 345.7857666015625






657.1288452148438 132.83692932128906 959.6435546875 321.7025451660156
655.4651489257812 128.8571319580078 959.0225830078125 319.26422119140625
655.2587890625 128.83840942382812 959.2706298828125 319.8440856933594
655.2756958007812 122.8575439453125 959.1033935546875 319.71282958984375
653.5633544921875 119.28702545166016 959.1118774414062 323.6117858886719
650.6889038085938 117.41596984863281 959.3775024414062 326.9368896484375
649.8416748046875 113.32877349853516 958.0864868164062 323.1091613769531
649.3729248046875 105.48157501220703 954.9100341796875 322.2688293457031
649.2221069335938 106.50140380859375 954.6442260742188 322.26348876953125
647.9129028320312 101.83809661865234 957.2726440429688 313.6564636230469
647.7222900390625 96.90776824951172 958.6350708007812 308.1192932128906
645.303466796875 88.53277587890625 959.6696166992188 304.2410583496094
647.0562133789062 85.19033813476562 959.4022827148438 304.3578796386719
644.8582763671875 82.38155364990234 958.6171875 299.638916015625
645.1796875 82.19487762451172 958.574951171875 299.39501953125
647.3135375976562 79.06136322021484 958.1122436523438 292.6650085449219
654.4929809570312 72.44136047363281 957.9405517578125 293.8971252441406

658.8904418945312 78.9016342163086 951.7974853515625 290.01611328125
655.6510620117188 76.61329650878906 946.6822509765625 290.3297119140625
655.396240234375 75.63233947753906 946.2886962890625 290.8019714355469
658.5586547851562 77.5552978515625 941.7554321289062 289.273193359375
660.1837768554688 82.81194305419922 934.0885009765625 287.3169860839844
659.4522094726562 85.62297821044922 935.3297119140625 286.2576904296875
658.7872314453125 87.65076446533203 932.8338623046875 284.1272888183594
656.74853515625 97.56504821777344 919.169921875 284.4118347167969
656.6598510742188 96.37911987304688 919.2161254882812 284.6811828613281
654.6993408203125 97.7614974975586 912.193603515625 284.0823669433594
653.37841796875 100.04074096679688 907.0559692382812 287.8690490722656
652.7560424804688 102.96965026855469 901.630126953125 285.83819580078125
654.513671875 104.8699722290039 898.4491577148438 289.74176025390625
656.0385131835938 106.86800384521484 897.152099609375 291.095458984375
655.4141235351562 106.94670104980469 896.7661743164062 291.5823669433594
654.1802978515625 104.64404296875 895.6752319335938 292.8081359863281
653.4619750976562 106.0301513671875 892.9189453125 292.2422790527344
653.6629638671875 106.16047668457031 893.3451538085938 295.661376953125
655.729248046875 104.760986328125 890.6929321289062 299.82025146484375
658.0012817382812 106.17991638183594 889.11669921875 301.9472961425781
657.44140625 106.25646209716797 889.0420532226562 301.4945983886719
662.6913452148438 103.93951416015625 890.330810546875 304.35577392578125
662.9515991210938 101.10197448730469 888.216796875 309.4211120605469
662.2620239257812 97.60508728027344 887.1708374023438 313.17559814453125
662.9971313476562 93.84744262695312 885.8009643554688 312.6663818359375
662.650634765625 95.10590362548828 884.2415771484375 317.0310974121094
662.6925659179688 95.35492706298828 884.1245727539062 317.5564880371094
662.4686279296875 92.31027221679688 883.6342163085938 317.529296875
662.8821411132812 88.59383392333984 880.5748291015625 322.5796813964844
664.166748046875 88.69358825683594 879.0307006835938 324.2179870605469
664.1644897460938 82.60462951660156 877.590087890625 327.52227783203125
663.9119262695312 83.56413269042969 875.0648803710938 327.5632019042969
664.2112426757812 83.50695037841797 875.1417846679688 327.2223205566406
664.4492797851562 75.34347534179688 873.4103393554688 330.15997314453125
663.7557373046875 72.6797103881836 872.3707275390625 331.0166931152344
666.2452392578125 68.90869140625 872.32958984375 332.8848571777344
667.3250122070312 65.1327896118164 871.1669921875 334.0246887207031
665.2349243164062 62.3973388671875 870.7782592773438 334.33160400390625
665.3776245117188 62.27714157104492 870.714599609375 334.453369140625
665.7731323242188 61.61391067504883 869.1458129882812 335.0444641113281
664.95166015625 57.628726959228516 870.4591064453125 335.63616943359375
662.0150756835938 54.200836181640625 867.6286010742188 336.158447265625
658.0148315429688 52.99806213378906 866.0989379882812 336.9543151855469
657.3831176757812 48.77952194213867 864.9674682617188 337.2230529785156
656.75390625 48.97671127319336 864.540283203125 337.44012451171875
654.8391723632812 45.40059280395508 861.9483642578125 338.958984375
653.3829345703125 41.2191162109375 860.6497192382812 338.80572509765625
652.0390625 44.81991958618164 858.608642578125 339.631103515625
652.4640502929688 44.796871185302734 859.1657104492188 338.60064697265625
653.6190185546875 45.164737701416016 857.368896484375 339.4856872558594
653.497314453125 44.559471130371094 857.7633056640625 339.4847106933594
646.574951171875 43.98640060424805 857.8408813476562 341.0941162109375
649.46533203125 44.519432067871094 858.4312133789062 341.27984619140625
647.8997802734375 47.59236526489258 858.2642822265625 341.4842834472656
646.8643798828125 48.34464645385742 859.2723388671875 342.1617736816406
649.5838012695312 45.524574279785156 858.8134765625 342.3439636230469
649.153076171875 45.9787483215332 858.9371337890625 342.1934509277344
645.457275390625 45.27775192260742 857.4235229492188 344.0295715332031
647.054931640625 47.731082916259766 857.5376586914062 343.4975891113281
645.2725219726562 47.74422073364258 856.3549194335938 344.5622253417969
642.7342529296875 42.164398193359375 853.0301513671875 346.29296875
647.1463623046875 35.675052642822266 850.7885131835938 349.80633544921875
645.2620849609375 36.00117492675781 851.1364135742188 349.4129638671875
649.6104125976562 37.20891189575195 849.9456787109375 349.91058349609375
653.5629272460938 39.29807662963867 849.0746459960938 350.5946960449219
650.1752319335938 39.76520538330078 847.5242919921875 354.403564453125
650.4163208007812 37.1724853515625 847.1826171875 354.5009765625
653.5702514648438 39.777565002441406 846.611328125 355.0314636230469
653.4885864257812 40.44283676147461 846.5838623046875 355.1116943359375
645.863525390625 45.457672119140625 844.7368774414062 356.7105407714844
645.4520874023438 43.352664947509766 842.7828369140625 354.9510498046875
643.41748046875 41.13775634765625 840.7699584960938 355.9418029785156
644.6690673828125 40.16726303100586 839.7617797851562 357.6791687011719
641.5940551757812 44.753631591796875 840.15625 360.6376647949219
641.4960327148438 45.08447265625 839.86669921875 360.28125


644.3179321289062 41.18830490112305 838.4763793945312 366.6903076171875
647.4302978515625 39.36781311035156 839.2672119140625 367.14862060546875
646.7916870117188 44.30097198486328 840.26318359375 369.4075012207031
646.751708984375 43.748504638671875 840.287841796875 369.2339782714844
648.627685546875 49.20018768310547 842.5035400390625 369.806884765625
650.031005859375 45.30898666381836 842.9061279296875 371.4986572265625
652.030517578125 51.45735168457031 847.9654541015625 373.17681884765625
651.28076171875 53.793617248535156 847.6621704101562 374.5340270996094
652.8829345703125 57.07477951049805 850.531005859375 375.2244873046875
653.0977172851562 56.44109344482422 850.421875 375.3382873535156
653.0479736328125 69.72523498535156 851.5537719726562 378.8746337890625
655.5339965820312 76.4317398071289 851.3562622070312 378.8363952636719

657.0656127929688 91.76092529296875 847.6127319335938 379.9779052734375
657.4139404296875 90.654296875 857.269287109375 381.0530090332031
657.1685791015625 90.80644989013672 857.3264770507812 381.4035339355469
659.7239990234375 90.08120727539062 864.9591674804688 381.780517578125

660.5926513671875 81.08279418945312 866.5303955078125 380.3823547363281




665.0426635742188 83.65382385253906 853.7942504882812 387.143798828125


665.1508178710938 67.77413940429688 852.6646118164062 387.23114013671875
665.4266357421875 68.01228332519531 852.6639404296875 386.5602722167969
665.7072143554688 66.61945343017578 850.985107421875 385.7467041015625
665.2938232421875 68.83502960205078 851.624755859375 385.3941650390625
664.405029296875 60.77440643310547 853.4959106445312 384.8312683105469
663.1493530273438 60.89069747924805 856.0936279296875 381.2449951171875
662.3628540039062 60.32667922973633 857.112548828125 376.3905944824219
662.0956420898438 61.2694091796875 857.2655029296875 378.31524658203125
662.1326904296875 62.44887161254883 857.7406005859375 374.4048767089844
662.6634521484375 68.81351470947266 858.2030029296875 371.35821533203125
663.5845947265625 61.601409912109375 857.5804443359375 365.34503173828125
665.0845336914062 61.60894775390625 859.2686767578125 363.7034912109375
665.8015747070312 63.129215240478516 859.0446166992188 359.1678161621094
666.1875 62.4626579284668 859.4013671875 360.2818908691406
665.9190673828125 59.797489166259766 861.4366455078125 357.92596435546875
667.0203247070312 59.65119552612305 857.0305786132812 350.96905517578125
667.9933471679688 58.99886703491211 861.6403198242188 375.5364685058594
668.0953369140625 61.118629455566406 861.2235717773438 370.25262451171875
667.8294067382812 65.0567855834961 861.06591796875 363.9447021484375
667.7567138671875 66.12008666992188 861.4343872070312 363.8954772949219
667.8276977539062 62.83575439453125 863.1173095703125 366.3480224609375
667.6985473632812 65.3678207397461 863.965087890625 358.68133544921875






668.9779052734375 70.4725570678711 872.5704345703125 386.460693359375
669.1719970703125 71.23015594482422 871.6140747070312 387.7623596191406



662.9600830078125 73.10472869873047 873.2390747070312 385.3848571777344




652.9318237304688 95.6505355834961 876.8886108398438 386.8199157714844
651.7373657226562 91.50341033935547 876.7496337890625 386.9521179199219
651.3572387695312 94.44503784179688 877.1008911132812 386.7639465332031




649.3522338867188 88.79778289794922 877.5514526367188 389.30621337890625
652.8350219726562 89.69908142089844 876.5963745117188 389.0935974121094
651.9891967773438 66.70482635498047 870.6514892578125 389.36212158203125
660.30615234375 57.2807731628418 871.2685546875 389.6295471191406
660.2872924804688 56.766597747802734 871.2192993164062 390.0380554199219
663.8433227539062 91.00261688232422 873.6212158203125 386.84521484375
666.1011352539062 93.80247497558594 874.7131958007812 391.3970031738281
668.1021118164062 86.461181640625 871.8544921875 394.8939514160156
669.8455200195312 88.84112548828125 870.9765625 388.263427734375

670.7476806640625 87.63682556152344 869.156494140625 387.9482727050781
672.9259033203125 89.13201904296875 867.0794067382812 387.6976318359375
673.4072265625 88.02979278564453 867.9765014648438 388.0927734375
674.2875366210938 89.54633331298828 869.1488037109375 387.7011413574219






679.9070434570312 92.46002960205078 866.6292724609375 383.0561828613281
680.8190307617188 91.819091796875 864.7725830078125 382.59857177734375
680.8602905273438 90.7718734741211 864.8743896484375 382.5843505859375


678.9282836914062 92.32284545898438 863.1243286132812 386.8464660644531




677.7506103515625 94.72575378417969 860.2728271484375 379.55035400390625

677.1563720703125 79.18885040283203 859.049072265625 379.4183044433594




672.6211547851562 82.42050170898438 858.8582763671875 374.815673828125
672.2817993164062 80.12760162353516 854.6954345703125 374.6680603027344
671.3342895507812 81.59584045410156 857.4456787109375 373.83892822265625
671.374755859375 81.86107635498047 857.39990234375 373.95928955078125
672.1485595703125 79.41390991210938 857.512451171875 372.3810729980469
672.7904052734375 80.24531555175781 854.89599609375 370.99114990234375
671.4476928710938 82.71378326416016 854.4276733398438 369.2399597167969



668.4683227539062 75.93566131591797 855.841064453125 484.90924072265625

667.6663208007812 74.6503677368164 849.1566162109375 380.5105895996094
667.7027587890625 76.0397720336914 849.4993286132812 362.2365417480469
668.0573120117188 79.90251922607422 850.38818359375 362.3757019042969
668.0899658203125 80.10203552246094 850.5318603515625 363.07586669921875
666.6407470703125 84.11246490478516 849.5977783203125 365.46630859375


666.2138671875 85.6778793334961 848.484619140625 366.8759460449219
665.464111328125 87.59471130371094 847.9942016601562 367.96160888671875
665.41552734375 87.66228485107422 847.8203735351562 368.0445556640625
662.5611572265625 79.22663116455078 850.2236938476562 395.982666015625

662.5518798828125 87.5881576538086 849.7715454101562 384.51708984375

664.3605346679688 85.52181243896484 849.5204467773438 374.3050842285156
664.4273071289062 85.88196563720703 849.3648071289062 374.3663635253906



662.6467895507812 88.64161682128906 850.4671020507812 383.56494140625
661.687744140625 89.62210845947266 848.4457397460938 385.1601257324219
661.9989013671875 89.58210754394531 848.4241943359375 384.8997802734375
659.952880859375 87.04496765136719 847.2686767578125 388.17144775390625
658.8536987304688 86.32205963134766 846.6797485351562 389.89208984375
658.7445678710938 86.40213012695312 846.6989135742188 389.9237060546875
660.0796508789062 85.5287857055664 845.6019897460938 388.8490905761719
660.5610961914062 86.17391967773438 845.3474731445312 387.9158020019531
660.8712768554688 85.99668884277344 845.4522705078125 388.1739807128906
661.3219604492188 87.75953674316406 847.036376953125 389.2330322265625
663.029052734375 87.77232360839844 848.506591796875 387.8818054199219
664.2788696289062 87.79534912109375 847.8450317382812 386.232421875
663.3706665039062 88.06472778320312 846.768798828125 389.0624084472656
665.5140991210938 93.06040954589844 846.1632690429688 385.0340881347656
665.8001708984375 92.47390747070312 845.8372192382812 385.612060546875
665.9956665039062 89.8435287475586 845.4478759765625 385.5390930175781
665.953125 90.21656799316406 846.1028442382812 386.98583984375
665.2807006835938 93.6981430053711 845.8734130859375 387.3695068359375
665.5997314453125 93.83409881591797 844.589111328125 386.3100280761719
664.6926879882812 96.44500732421875 843.6978149414062 387.2131652832031
664.49755859375 95.7869873046875 843.8377075195312 387.5986022949219
661.9146728515625 97.32574462890625 844.0914916992188 390.1826477050781
662.1370849609375 97.75262451171875 843.3760986328125 394.2228088378906
662.2017211914062 95.32091522216797 843.7777099609375 392.13751220703125
662.2036743164062 95.49947357177734 842.5823974609375 392.5423278808594
