



0.8278602957725525
0.8950872421264648
0.8867119550704956
0.9298359751701355
0.9597363471984863
0.9379168152809143
0.967857837677002
0.9670740365982056
0.9669137001037598
0.9176318645477295
0.9596127867698669
0.9727495908737183
0.9680042862892151
0.9719015955924988
0.9734506607055664
0.9811564683914185
0.9843930602073669
0.9844948649406433
0.9856410026550293
0.9842727184295654
0.9850668907165527
0.9823624491691589
0.9807648062705994
0.9687038064002991
0.9724375605583191
0.9837579131126404
0.9834272861480713
0.9838228821754456
0.9826034903526306
0.9840887784957886
0.9841302037239075
0.985921323299408
0.9861942529678345
0.9848163723945618
0.9847468137741089
0.9834129810333252
0.9851909279823303
0.9843207597732544
0.9837350845336914
0.9828932881355286
0.9821335673332214
0.9809078574180603
0.980941116809845
0.9803933501243591
0.9801109433174133
0.9824761152267456
0.983020544052124
0.986039400100708
0.9854678511619568
0.9745572805404663
0.9793651103973389
0.932693600654602
0.9840776920318604
0.9871094226837158
0.9746419787406921
0.985111653804779
0.9848315715789795
0.9718181490898132
0.9837086796760559
0.9761861562728882
0.977766752243042
0.9478588700294495
0.9458233714103699
0.9052712321281433
0.8099726438522339
0.8245258927345276

0.8645061254501343
0.8598548173904419
0.894230842590332
0.8958830237388611
0.8794978260993958
0.9424381256103516
0.870832085609436
0.8598037362098694
0.9543386101722717
0.9875757694244385
0.9876349568367004
0.9843840599060059
0.989134669303894
0.989054799079895
0.9890305399894714
0.9811702370643616
0.8245677947998047






0.8854781985282898
0.9257670640945435
0.9259383678436279
0.9305455684661865
0.9571979641914368
0.9704360365867615
0.9722127318382263
0.9484461545944214
0.9487884640693665
0.9674807786941528
0.9741941094398499
0.9794067740440369
0.9780576825141907
0.9747280478477478
0.9738339781761169
0.9536699652671814
0.8815594911575317

0.8548988103866577
0.8986384868621826
0.890533447265625
0.9335291385650635
0.9658515453338623
0.9701790809631348
0.9635381102561951
0.9728583097457886
0.972096860408783
0.9728747010231018
0.9707955121994019
0.9669800400733948
0.9648001194000244
0.9642337560653687
0.9656026363372803
0.9693111777305603
0.96875
0.971137523651123
0.9687360525131226
0.9664425253868103
0.9671396017074585
0.9665670394897461
0.9704585671424866
0.975463330745697
0.9744145274162292
0.9777291417121887
0.9779776334762573
0.9775505661964417
0.9770809412002563
0.9771717190742493
0.9790043830871582
0.9792426824569702
0.9784740805625916
0.9794421792030334
0.9792146682739258
0.9801313281059265
0.9799835085868835
0.9806278944015503
0.9805060625076294
0.9783803820610046
0.9763468503952026
0.9752190709114075
0.9759746789932251
0.9779074192047119
0.9783881306648254
0.979171097278595
0.9736582040786743
0.9751322269439697
0.9794264435768127
0.9800127148628235
0.9803050756454468
0.9828494191169739
0.97929447889328
0.9820538759231567
0.981777012348175
0.9796714186668396
0.9797186851501465
0.9802870154380798
0.979921817779541
0.9796653389930725
0.9776602983474731
0.9768912196159363
0.9765680432319641
0.9767073392868042
0.9771999716758728
0.9791606068611145
0.9758009910583496
0.9791033267974854
0.9795738458633423
0.9735397100448608
0.9720965623855591
0.9523770809173584
0.9556410908699036
0.889841616153717
0.8596553206443787


0.9421034455299377
0.972579836845398
0.973686158657074
0.973163366317749
0.9800730347633362
0.9779940247535706
0.9830660820007324
0.9826148748397827
0.9816245436668396
0.9820092916488647
0.9779573082923889
0.9627258777618408

0.9082549214363098
0.9059925079345703
0.9183350801467896
0.898587167263031

0.8373644351959229




0.8059245944023132


0.9573208093643188
0.95957350730896
0.9695017337799072
0.9672027826309204
0.9757422208786011
0.9759233593940735
0.9700899124145508
0.9751439094543457
0.9707528352737427
0.9587647914886475
0.957343339920044
0.9710280895233154
0.9503862261772156
0.9579793810844421
0.9679669737815857
0.9524371027946472
0.8332118988037109
0.8836597800254822
0.9055950045585632
0.9104135632514954
0.9481779336929321
0.8672913312911987






0.8489417433738708
0.8426746726036072



0.8024197220802307




0.9526915550231934
0.9281671643257141
0.8862870931625366




0.9234303832054138
0.9077428579330444
0.8082040548324585
0.9308924674987793
0.9297441244125366
0.8937134742736816
0.8915894627571106
0.8594498634338379
0.9300960898399353

0.8141063451766968
0.9294103980064392
0.9026870131492615
0.8993548154830933






0.8772649168968201
0.8704020977020264
0.8321284651756287


0.8089203238487244




0.8258913159370422

0.8325315713882446




0.8444163203239441
0.8958314657211304
0.9363830089569092
0.9367740154266357
0.9409533143043518
0.9549551606178284
0.9057145118713379



0.9333159327507019

0.8284382820129395
0.9007685780525208
0.9502645134925842
0.9535295963287354
0.8785312175750732


0.8741443157196045
0.8710730075836182
0.863368570804596
0.8266833424568176

0.8483204245567322

0.8705055713653564
0.8553475141525269



0.8857030868530273
0.9421496987342834
0.9374203085899353
0.9492156505584717
0.9551577568054199
0.9537039995193481
0.9354429244995117
0.9234809279441833
0.9242984056472778
0.9471350908279419
0.9414789080619812
0.9270574450492859
0.9457697868347168
0.9660919308662415
0.9643235206604004
0.946773886680603
0.9604364037513733
0.9708221554756165
0.9626093506813049
0.9714775681495667
0.9701242446899414
0.971972644329071
0.9715202450752258
0.97210294008255
0.9744769930839539
