
693.1401977539062 111.94685363769531 857.8855590820312 338.1995849609375
690.7943725585938 116.72154235839844 869.4342651367188 335.0742492675781


694.6531982421875 139.7808837890625 849.0311279296875 342.08013916015625
694.4736328125 139.46429443359375 850.136962890625 342.1535339355469
695.8612670898438 140.7144775390625 853.3050537109375 340.5614929199219
696.2283325195312 141.96107482910156 858.9530639648438 340.1031799316406
694.9218139648438 143.30242919921875 848.0150146484375 340.7326354980469
694.8170166015625 141.56642150878906 856.0068969726562 340.87567138671875
696.1707153320312 141.41175842285156 854.2918701171875 340.4873352050781
696.1477661132812 142.18052673339844 854.378662109375 340.3581848144531
696.6260986328125 140.16653442382812 849.7549438476562 342.4991149902344
697.8829345703125 138.02955627441406 844.6006469726562 344.6076965332031
696.5936889648438 140.33956909179688 850.3514404296875 351.5212707519531
697.5369873046875 139.71334838867188 854.4645385742188 359.4886779785156
697.3968505859375 139.87698364257812 864.8153686523438 379.1102600097656
697.1217651367188 139.50975036621094 864.0783081054688 379.5995178222656
698.804931640625 142.00424194335938 880.8536987304688 382.8977355957031
697.0067138671875 142.56494140625 889.9140625 386.806396484375
695.1223754882812 141.1720733642578 898.052978515625 387.3737487792969
694.418701171875 140.45021057128906 901.1741943359375 390.3720397949219
694.3247680664062 141.989990234375 903.299072265625 393.0689697265625
694.1828002929688 141.69888305664062 903.4210205078125 393.1204528808594
691.9845581054688 142.90777587890625 909.303955078125 396.0137023925781
692.32470703125 141.1793975830078 901.4356079101562 396.6669921875
692.35791015625 134.99472045898438 887.3553466796875 394.19610595703125
692.6416015625 137.62376403808594 888.582763671875 397.05755615234375
691.544921875 132.77256774902344 890.4811401367188 399.5308837890625
691.5580444335938 132.49322509765625 891.0557861328125 400.04498291015625
691.6343994140625 133.48086547851562 895.3757934570312 402.09747314453125
691.6101684570312 130.86636352539062 897.0489501953125 403.2435607910156
689.7774047851562 118.49998474121094 898.3226928710938 404.93658447265625
689.5044555664062 118.53882598876953 900.9192504882812 406.1119689941406
687.6690063476562 105.21195220947266 900.5020751953125 407.1996154785156
687.6764526367188 104.6057357788086 900.8386840820312 406.9237060546875
686.0786743164062 99.52783203125 904.5621948242188 408.2982482910156
687.5812377929688 101.01972198486328 904.6187133789062 408.24932861328125
689.143310546875 110.35897827148438 899.5219116210938 403.0800476074219
690.1405029296875 114.69213104248047 895.6530151367188 398.8407897949219
683.5488891601562 113.2623291015625 897.1585693359375 395.440185546875
683.5089721679688 112.07160949707031 897.1782836914062 395.8270263671875
678.1451416015625 125.34049224853516 899.00439453125 387.4997253417969
673.5728759765625 134.71044921875 898.6000366210938 384.7669677734375
668.7726440429688 135.64703369140625 899.2492065429688 378.5837707519531
670.8434448242188 138.10592651367188 896.4406127929688 364.9300842285156
673.3511352539062 143.4689178466797 896.302490234375 360.2923889160156
672.4464721679688 143.89808654785156 896.0032958984375 360.0552673339844
660.6398315429688 155.12371826171875 896.0372314453125 357.857421875
638.2694091796875 145.43614196777344 900.7405395507812 352.9488525390625
628.918212890625 140.9154815673828 896.1860961914062 351.8041687011719
623.279541015625 142.29559326171875 895.5687866210938 352.6173095703125
618.2357177734375 142.05252075195312 893.8671875 352.2875671386719
618.2652587890625 142.3901824951172 893.8322143554688 352.48736572265625
616.237060546875 141.87998962402344 896.3026123046875 356.3031311035156
618.4451293945312 140.93202209472656 892.0955200195312 356.87310791015625
620.7009887695312 138.2101287841797 892.2882080078125 359.82391357421875
619.3356323242188 138.1580810546875 893.8320922851562 359.318115234375
632.5849609375 137.29721069335938 895.1531372070312 362.0203857421875
631.009033203125 137.4139404296875 895.1414184570312 361.90582275390625
625.7586669921875 136.951416015625 894.5012817382812 364.6483154296875
622.7233276367188 134.16102600097656 900.6417846679688 365.47589111328125
619.3494262695312 131.85939025878906 901.3099975585938 365.4885559082031
615.640380859375 125.24273681640625 899.8182373046875 366.8240966796875
616.119873046875 139.14862060546875 899.0491943359375 367.5887145996094
615.9974365234375 138.86012268066406 898.7945556640625 367.55242919921875
615.49365234375 135.40374755859375 898.7001342773438 367.6711120605469

564.245361328125 133.555908203125 870.2747192382812 362.1167297363281
564.525146484375 134.19937133789062 868.4998779296875 363.0400085449219
567.487060546875 134.8443603515625 864.4559326171875 364.8782653808594
567.4667358398438 135.01148986816406 864.698486328125 364.96087646484375
570.5269775390625 146.34701538085938 860.1974487304688 369.2004699707031
585.1585083007812 144.7977752685547 852.122802734375 373.01251220703125
596.1448974609375 130.7808380126953 852.0780029296875 377.6260681152344
598.8154296875 129.2230987548828 852.1592407226562 378.0728454589844
627.0274658203125 124.04438781738281 873.7206420898438 380.05535888671875
627.0425415039062 124.21051788330078 873.4078369140625 380.12530517578125
624.2732543945312 126.2673568725586 872.1696166992188 381.1817626953125
626.3934936523438 124.66338348388672 887.5015869140625 383.03076171875
632.8956909179688 125.3196792602539 891.5556640625 383.01513671875
656.4962768554688 123.75011444091797 895.7813110351562 386.0637512207031
671.2420654296875 116.25183868408203 905.4852294921875 384.0841979980469
671.1328735351562 116.53050994873047 905.7537841796875 383.89508056640625
683.3782958984375 115.75495147705078 908.0238647460938 379.78436279296875
688.3005981445312 112.22978973388672 908.828857421875 376.0870666503906


667.6390991210938 101.12183380126953 931.7999877929688 349.4508361816406
667.5908203125 100.68540954589844 931.6499633789062 349.9081115722656
681.8408813476562 100.77717590332031 960.0 333.81341552734375
680.1400146484375 101.19796752929688 960.0 329.8092041015625
660.8969116210938 105.84651947021484 940.3441162109375 329.7801208496094
656.7025146484375 106.29308319091797 941.3671264648438 324.72393798828125
656.9640502929688 106.67306518554688 941.6914672851562 321.8133850097656
656.884765625 106.08934783935547 941.6290893554688 322.0001525878906
653.93603515625 105.50664520263672 946.362060546875 317.7945861816406
653.2376098632812 104.38346862792969 945.2481079101562 316.2853698730469
652.0523071289062 90.40608215332031 942.8187255859375 315.53839111328125
651.1813354492188 93.94318389892578 945.9063110351562 310.2309875488281
658.3317260742188 95.9966812133789 944.828369140625 308.51007080078125
658.0001831054688 95.72054290771484 945.050048828125 308.6452941894531
651.8248291015625 95.86882019042969 948.5247192382812 305.7259521484375
653.5640869140625 94.05516052246094 947.5941162109375 303.70245361328125
649.65576171875 96.35901641845703 949.538818359375 301.97808837890625
651.8466796875 92.89286804199219 945.9248657226562 300.04498291015625
653.7877197265625 86.22444915771484 941.7877197265625 295.9153747558594
653.7002563476562 86.84147644042969 941.7883911132812 295.1650695800781
656.0437622070312 86.58076477050781 940.378173828125 291.92889404296875
656.4264526367188 83.50865936279297 940.5818481445312 287.1810607910156
656.0217895507812 79.92389678955078 940.721435546875 286.7222900390625
656.05712890625 81.9650650024414 938.5820922851562 284.952392578125
656.7025146484375 80.78218078613281 935.0409545898438 285.2163391113281
656.5452880859375 80.68342590332031 935.05615234375 285.1076354980469
656.2808227539062 84.55500030517578 934.1417846679688 283.9922790527344
657.6546630859375 85.6866455078125 932.2921142578125 284.4161376953125
655.9954223632812 76.28211975097656 925.9981079101562 287.4882507324219
658.0297241210938 76.39730072021484 919.1802368164062 286.9930419921875
662.6820068359375 80.16464233398438 908.4859008789062 287.73846435546875
662.0790405273438 80.5642318725586 909.2521362304688 287.8512268066406
661.6854858398438 78.48464965820312 905.6918334960938 288.4483642578125
665.2918090820312 87.28701782226562 901.26025390625 290.84881591796875
665.9570922851562 93.31942749023438 899.1804809570312 291.46551513671875
667.9488525390625 95.19725036621094 899.020751953125 292.2663879394531
668.4409790039062 95.14576721191406 897.3197021484375 292.0480651855469
668.408447265625 95.40968322753906 897.6063232421875 292.1103820800781
669.8624267578125 98.1536636352539 897.8357543945312 292.0052795410156
672.4315185546875 101.72830200195312 897.5153198242188 293.3550720214844
672.401123046875 101.14190673828125 897.6947631835938 295.3494567871094
674.8900756835938 102.97965240478516 897.2937622070312 297.28875732421875
677.0775146484375 99.26226043701172 897.1242065429688 300.100341796875
677.0764770507812 99.28462219238281 897.0999755859375 300.0571594238281
674.2062377929688 103.03687286376953 895.6396484375 302.9748840332031
673.6358032226562 104.14596557617188 895.28564453125 305.3063049316406
674.4338989257812 102.8910903930664 895.3936767578125 307.9389343261719
669.3062133789062 100.49624633789062 896.6782836914062 309.4449157714844
667.9861450195312 94.15474700927734 896.038818359375 311.0470886230469
667.848388671875 93.98677825927734 896.2883911132812 311.0581970214844
667.4109497070312 88.03902435302734 897.6226806640625 313.1209716796875
664.669677734375 86.23825073242188 895.3759765625 315.45965576171875
664.6854858398438 86.35610961914062 892.4793701171875 316.45135498046875
663.9810791015625 82.95500946044922 888.8142700195312 318.2582092285156
661.6513061523438 77.43299102783203 884.9044189453125 318.442138671875
661.6959228515625 78.12234497070312 884.7528686523438 318.4248352050781
662.8720092773438 73.8785629272461 882.1669921875 320.1826477050781
663.03076171875 73.63168334960938 883.1793212890625 320.46820068359375
663.5136108398438 72.60797119140625 879.3255004882812 321.5762634277344
666.3884887695312 72.63594055175781 877.7015991210938 323.9638977050781
666.7806396484375 72.44197845458984 876.9349975585938 325.37030029296875
667.0075073242188 72.43508911132812 876.7299194335938 325.37451171875
664.600830078125 69.53469848632812 875.820556640625 326.32757568359375
664.0884399414062 67.1023941040039 874.0982666015625 327.22796630859375
662.9317626953125 68.40613555908203 873.3159790039062 327.9925842285156
660.4421997070312 67.74308776855469 870.4889526367188 328.9424133300781
659.14599609375 67.97038269042969 871.0923461914062 328.88641357421875
658.7914428710938 68.3529281616211 871.2135009765625 329.1526184082031
655.721923828125 69.02971649169922 870.9602661132812 329.3869934082031
655.8936157226562 66.24211120605469 867.6096801757812 329.5321350097656
652.740234375 70.24891662597656 866.7303466796875 328.8002014160156
654.0480346679688 65.64230346679688 866.195556640625 330.4786682128906
648.4920654296875 60.27363204956055 867.4430541992188 333.3447570800781
648.2369995117188 60.336891174316406 867.8948974609375 333.0281066894531
650.8482055664062 62.58514404296875 867.2798461914062 336.09613037109375
652.5722045898438 58.90949630737305 866.953369140625 338.5948791503906
645.6160278320312 60.92682647705078 866.7684326171875 339.0401611328125
646.0818481445312 62.71485137939453 866.202880859375 339.4744873046875
646.5018310546875 62.57863235473633 865.866943359375 339.52490234375
645.7405395507812 62.874942779541016 865.692138671875 339.593994140625
644.9793701171875 63.9550895690918 862.1513061523438 340.9473571777344
645.6834716796875 61.632118225097656 862.13134765625 343.2942810058594
645.1154174804688 65.8368148803711 860.0789794921875 342.83770751953125
646.9197387695312 62.10523223876953 859.7154541015625 344.4384765625
651.5196533203125 60.29164505004883 855.5919189453125 346.9880676269531
651.4105834960938 59.52964401245117 855.3582763671875 347.03265380859375
649.5064697265625 57.7148551940918 857.452392578125 350.11163330078125
652.2906494140625 57.74811553955078 854.19677734375 353.6288146972656
654.4572143554688 55.852516174316406 850.6321411132812 355.0767517089844
654.2439575195312 55.68083572387695 849.9873657226562 355.1954345703125
654.9639892578125 55.6396369934082 850.201171875 356.1954650878906
654.919189453125 55.73481750488281 850.548095703125 356.2510986328125
657.0354614257812 59.757293701171875 848.7626342773438 357.4474792480469
656.9043579101562 58.62871170043945 847.9219360351562 357.7372741699219
657.791259765625 58.36146545410156 846.8193359375 359.70587158203125
658.65185546875 60.51665115356445 845.4098510742188 360.36053466796875
657.4677124023438 61.850929260253906 845.5829467773438 360.2609558105469
657.4657592773438 61.89725112915039 845.478759765625 360.13568115234375
657.2491455078125 60.94267272949219 845.093505859375 360.7821044921875
658.1845092773438 63.60773468017578 844.5103759765625 361.71307373046875
660.2645874023438 62.760169982910156 842.868896484375 363.1127014160156
663.3531494140625 63.41426086425781 840.1775512695312 365.2175598144531
663.0237426757812 67.22276306152344 840.6022338867188 365.34130859375
662.99951171875 67.5350112915039 840.573486328125 365.3808898925781
661.6290283203125 73.13472747802734 843.568359375 367.0924072265625
659.5099487304688 72.29669189453125 844.1381225585938 368.91839599609375
657.77197265625 72.47663879394531 847.3638916015625 370.5555725097656
656.22119140625 73.01057434082031 849.9718627929688 371.4351806640625
655.6503295898438 74.01647186279297 849.294677734375 373.3358154296875
655.5549926757812 73.97606658935547 849.3624267578125 373.3003234863281
651.8810424804688 76.38666534423828 854.5234375 374.57171630859375
650.6405639648438 78.07042694091797 857.9231567382812 374.66748046875
653.6901245117188 98.97953796386719 848.9423828125 378.1536865234375
650.968505859375 100.80731964111328 849.29833984375 378.447998046875
653.7720947265625 96.3283462524414 853.6773681640625 386.1061706542969
653.7540893554688 96.31362915039062 853.5496215820312 386.16314697265625
653.7184448242188 94.42088317871094 853.1884765625 388.30059814453125
656.1107788085938 93.08090209960938 857.9620361328125 388.4216003417969
657.4519653320312 93.74835205078125 856.1782836914062 388.49822998046875
658.2254028320312 91.15878295898438 853.903564453125 390.0846252441406
657.8380126953125 89.52104949951172 853.9288940429688 391.1258544921875
657.9690551757812 89.5864028930664 854.1907348632812 391.0826110839844
657.3009643554688 89.3436508178711 854.60693359375 391.6098937988281
657.6233520507812 88.66407775878906 855.5446166992188 391.5294494628906
657.6232299804688 87.03898620605469 855.5658569335938 392.44012451171875
658.5623168945312 87.64601135253906 853.2581787109375 392.3778076171875


659.18017578125 87.2136001586914 851.8817749023438 392.2962646484375
659.2511596679688 86.77481842041016 850.967529296875 392.9541015625




652.3139038085938 77.9568099975586 870.083740234375 375.4107666015625
652.478271484375 77.39464569091797 872.77001953125 374.0797119140625
653.1369018554688 77.31735229492188 872.2640991210938 372.7337646484375
654.9437255859375 77.34930419921875 874.4071655273438 370.52783203125
655.6143188476562 74.4687271118164 877.7417602539062 371.0315246582031
655.43017578125 74.16062927246094 877.5582275390625 371.01531982421875
655.8154296875 76.25598907470703 875.0132446289062 370.0935974121094
657.3377075195312 77.02278137207031 877.4464111328125 372.30816650390625
657.7881469726562 73.35811614990234 876.9866943359375 373.8101501464844
658.721435546875 72.72930908203125 872.0195922851562 376.732421875
659.5514526367188 74.30944061279297 871.2688598632812 376.8063659667969
659.4244384765625 74.2159652709961 871.579833984375 377.1034851074219
659.04443359375 75.0816879272461 873.914306640625 377.6282958984375

665.93017578125 84.52396392822266 876.8793334960938 396.67437744140625
658.3920288085938 69.27262878417969 885.2396850585938 382.8459777832031
665.8231201171875 83.30370330810547 877.1082153320312 398.1939392089844
665.781982421875 82.88526916503906 877.355712890625 398.2364807128906
665.81298828125 82.06459045410156 877.0385131835938 399.8426513671875


665.525634765625 83.88375854492188 881.8031616210938 400.5710754394531
662.5825805664062 83.84296417236328 880.50537109375 400.23486328125
662.6925659179688 83.94066619873047 880.6727294921875 400.15203857421875
661.4893188476562 84.86238861083984 879.0178833007812 400.2273864746094
660.2461547851562 84.93318176269531 879.7228393554688 400.9007873535156
657.6460571289062 84.8655776977539 882.0074462890625 399.8201904296875
653.4296875 86.15796661376953 882.4874267578125 399.13623046875
647.8143920898438 92.20819091796875 883.7044067382812 398.1252136230469
647.6959838867188 91.97966003417969 883.7586059570312 398.2305603027344
645.5587158203125 93.20755767822266 887.1873168945312 398.7286071777344
641.9758911132812 87.76049041748047 887.023681640625 398.1142883300781
639.668212890625 85.93753814697266 889.8209838867188 398.77142333984375
637.405029296875 92.15769958496094 885.667724609375 397.3378601074219
638.0743408203125 89.80052947998047 887.4779052734375 397.5072937011719
638.102783203125 89.82106018066406 887.379150390625 397.4305419921875
641.7588500976562 88.63200378417969 887.27294921875 398.1660461425781
646.4056396484375 90.65122985839844 886.8101196289062 399.2971496582031
648.4990844726562 88.58280944824219 885.0796508789062 399.8203430175781
652.23681640625 83.47601318359375 880.8642578125 399.6134948730469
656.4305419921875 81.01248931884766 876.7391967773438 399.7150573730469
656.6599731445312 80.94678497314453 876.8591918945312 399.77154541015625
658.8599243164062 81.18482208251953 874.6351928710938 400.4176940917969
660.8364868164062 82.80592346191406 871.8914184570312 399.4052429199219
662.95654296875 83.88031005859375 869.9992065429688 398.7253723144531
664.379150390625 83.09322357177734 866.7529296875 398.3565368652344
667.4910888671875 84.00071716308594 864.6905517578125 398.63140869140625
667.5337524414062 84.00646209716797 864.4035034179688 398.7162780761719
668.470947265625 84.55300903320312 863.3524780273438 398.1805725097656
668.9758911132812 87.53583526611328 864.0407104492188 398.4255676269531
671.5629272460938 91.97508239746094 864.5850830078125 397.0975646972656
673.6939697265625 97.19436645507812 863.8087158203125 394.8390197753906
674.4589233398438 98.02735137939453 864.57763671875 394.29534912109375
674.4570922851562 98.27031707763672 864.5524291992188 394.226318359375
676.4848022460938 100.99971771240234 861.0900268554688 392.6669006347656
676.1477661132812 100.46786499023438 860.3036499023438 392.7083740234375
678.0958251953125 98.29585266113281 858.7313232421875 392.88916015625
678.8162841796875 98.6839599609375 857.7604370117188 391.0436706542969
679.0144653320312 99.59547424316406 856.7302856445312 390.75787353515625
678.8644409179688 99.73925018310547 856.7152099609375 390.7373352050781
679.1830444335938 97.64533233642578 856.6488647460938 392.11370849609375
679.0768432617188 97.08038330078125 853.8298950195312 391.728759765625
678.6264038085938 94.10660552978516 853.9239501953125 393.1974182128906
678.0292358398438 94.19717407226562 852.926025390625 393.2081298828125
677.8367919921875 92.6186294555664 852.1928100585938 393.0481262207031
677.8414916992188 92.12410736083984 852.0410766601562 393.2455749511719
676.3892822265625 91.79035949707031 852.72900390625 393.147705078125
676.3756103515625 90.86722564697266 850.6024169921875 393.1991882324219
675.279541015625 91.02374267578125 850.19482421875 393.70068359375
674.3899536132812 91.62387084960938 850.1521606445312 392.8143005371094
673.46240234375 93.18118286132812 847.9724731445312 391.357421875
673.3684692382812 93.68543243408203 847.988525390625 391.3165588378906
672.1068725585938 92.18534088134766 846.7428588867188 392.09454345703125
671.4000854492188 92.11945343017578 846.6024169921875 392.0849914550781
670.7239990234375 93.1485824584961 846.8328857421875 391.6937561035156
670.1264038085938 93.42274475097656 845.3875732421875 391.34283447265625
669.7252197265625 92.13861083984375 845.0463256835938 390.9161376953125
669.6367797851562 92.49799346923828 845.2578735351562 390.87310791015625
669.454833984375 93.73722839355469 844.6115112304688 389.3509216308594
668.748291015625 95.00153350830078 845.4781494140625 388.5809020996094
668.7391357421875 96.64339447021484 846.322021484375 387.2437438964844
669.3359375 96.20390319824219 845.611572265625 385.9053039550781
665.1652221679688 104.3856201171875 848.1341552734375 375.01715087890625
665.1406860351562 103.88898468017578 848.1178588867188 375.30084228515625


664.4222412109375 80.72225189208984 847.6602172851562 370.921875
664.5916748046875 80.42940521240234 847.3161010742188 369.82470703125
664.7588500976562 81.48141479492188 845.5338134765625 370.0575256347656
664.8613891601562 81.64666748046875 845.5059204101562 370.0671691894531
664.8223876953125 82.73368072509766 845.3145141601562 369.5191955566406


663.3862915039062 108.668212890625 843.7106323242188 368.8521423339844
663.7879638671875 108.55014038085938 844.3467407226562 369.3507385253906
663.7243041992188 108.82427215576172 844.4833374023438 369.27130126953125
663.4851684570312 108.05801391601562 844.37646484375 369.696044921875
663.92529296875 106.1330795288086 844.6065673828125 371.7525329589844
668.4747924804688 97.6006088256836 841.5470581054688 382.09881591796875
668.2669067382812 95.86181640625 841.66015625 384.2843322753906
667.9430541992188 95.88128662109375 841.8145141601562 384.5272216796875
667.8899536132812 96.22369384765625 841.7877197265625 384.3113098144531
664.8546142578125 97.45384979248047 843.3764038085938 384.92266845703125
661.5870361328125 104.72506713867188 842.9279174804688 375.8291015625
665.2670288085938 94.17689514160156 840.9309692382812 388.1981506347656
665.6723022460938 93.35432434082031 840.7421875 390.3337707519531
665.1826782226562 90.67250061035156 840.7447509765625 392.6335754394531
665.4325561523438 90.72327423095703 840.6600952148438 392.56085205078125
665.7801513671875 92.57383728027344 840.4764404296875 391.7325744628906
665.1646728515625 94.03248596191406 840.5302124023438 391.9252624511719
665.2828369140625 94.1789321899414 840.7444458007812 391.8468017578125
665.583984375 94.29724884033203 840.6429443359375 391.81201171875
666.0230102539062 93.86089324951172 841.044189453125 392.06201171875
666.0107421875 94.53524780273438 841.1319580078125 391.7650451660156
665.6708374023438 94.9074478149414 841.9408569335938 391.5056457519531
665.3842163085938 95.01438903808594 842.0269165039062 391.7701721191406
665.8531494140625 95.23295593261719 842.029052734375 391.6643981933594
665.9024047851562 91.96550750732422 842.103271484375 392.95550537109375
666.1990356445312 92.52017211914062 842.2915649414062 392.97705078125
666.2282104492188 92.34066009521484 842.2022705078125 393.03790283203125
666.4349975585938 92.34837341308594 842.5869140625 393.3141784667969
666.5948486328125 92.2149887084961 843.166259765625 393.4844665527344
665.5560913085938 93.4749984741211 843.8286743164062 393.84814453125
664.8143310546875 93.80233764648438 843.8590698242188 393.7825012207031
664.862548828125 94.90153503417969 843.8451538085938 393.96356201171875
664.8489990234375 94.55025482177734 843.9935913085938 394.12457275390625
664.7616577148438 93.72328186035156 843.6216430664062 395.56298828125
664.3006591796875 94.68257904052734 843.6043090820312 395.8652648925781
664.076171875 96.22098541259766 843.7120361328125 395.6611633300781
663.6820678710938 99.3721923828125 844.0299682617188 394.4947204589844
