
0.895632266998291
0.875174343585968


0.8824387192726135
0.8714367747306824
0.8777289986610413
0.8749035000801086
0.93268883228302
0.908714234828949
0.9020103812217712
0.91899174451828
0.8980591297149658
0.9181288480758667
0.9828618764877319
0.9915504455566406
0.993351936340332
0.9935142993927002
0.9866483807563782
0.9818323850631714
0.9554277658462524
0.9468013644218445
0.9359689950942993
0.9352992177009583
0.875658392906189
0.9476904273033142
0.978996992111206
0.9789707064628601
0.9672959446907043
0.9656184911727905
0.9472947716712952
0.9404939413070679
0.942512571811676
0.9271067976951599
0.9190715551376343
0.9188305735588074
0.8977585434913635
0.9317106008529663
0.9603127837181091
0.9708622694015503
0.9769958853721619
0.9767439365386963
0.9821340441703796
0.9821085929870605
0.9739646911621094
0.9488215446472168
0.9462941288948059
0.9470008015632629
0.9609002470970154
0.9376363754272461
0.9262588620185852
0.9385294318199158
0.936690092086792
0.9372090697288513
0.9426462650299072
0.9213530421257019
0.9269350171089172
0.9215475916862488
0.9216000437736511
0.9211803078651428
0.9119041562080383
0.9288462400436401
0.9203934669494629
0.8556075096130371
0.8947069048881531
0.8922557830810547
0.8615992665290833

0.8014920353889465
0.8471493124961853
0.9006896018981934
0.9009013772010803
0.935167133808136
0.9355838894844055
0.884620189666748
0.8613154888153076
0.8668426275253296
0.8640686869621277
0.8631534576416016
0.9681054949760437
0.9747135639190674
0.980742335319519
0.9763444662094116
0.9761993885040283
0.9540649056434631
0.8571606874465942


0.8321464657783508
0.8336997032165527
0.9079039692878723
0.8781910538673401
0.9115645289421082
0.9453354477882385
0.9450468420982361
0.9463831782341003
0.9497063755989075
0.9462417364120483
0.9657005667686462
0.9434395432472229
0.8551564812660217
0.8604477047920227
0.9379538297653198
0.9487224817276001
0.9720097184181213
0.9751628041267395
0.9781266450881958
0.9779103398323059
0.9752516746520996
0.9638277292251587
0.9568668603897095
0.956215500831604
0.9597541093826294
0.9593679904937744
0.9519978165626526
0.9657689332962036
0.9688295722007751
0.9703638553619385
0.9697818160057068
0.9697620868682861
0.9745995402336121
0.9839888215065002
0.9864604473114014
0.98903489112854
0.9899075031280518
0.9899914264678955
0.9895811080932617
0.9896644949913025
0.9867430925369263
0.9864825010299683
0.9870135188102722
0.987128734588623
0.9867139458656311
0.9869228005409241
0.9805899858474731
0.9758146405220032
0.9789568781852722
0.9785764813423157
0.9791157245635986
0.9844613671302795
0.9852821230888367
0.9878629446029663
0.9851217269897461
0.9851685762405396
0.9884147644042969
0.9873214364051819
0.9855711460113525
0.9886918067932129
0.9886154532432556
0.988706111907959
0.9896467328071594
0.9913480877876282
0.9918867945671082
0.9926875829696655
0.991169810295105
0.9912497997283936
0.9893887639045715
0.9889938235282898
0.9884935021400452
0.9884020686149597
0.984769344329834
0.9846652150154114
0.9875045418739319
0.9880170822143555
0.9862813353538513
0.9869152903556824
0.9860675930976868
0.9856179356575012
0.9846579432487488
0.985840916633606
0.9821017980575562
0.9848130345344543
0.9883412718772888
0.987898051738739
0.9864142537117004
0.9872438311576843
0.9887819886207581
0.989577054977417
0.9903088212013245
0.9902510643005371
0.9911842942237854
0.9903749823570251
0.9901421666145325
0.9902054667472839
0.9882146120071411
0.9881232380867004
0.9873700141906738
0.9878398776054382
0.9890878200531006
0.9922593235969543
0.9909886717796326
0.9906398057937622
0.9757102131843567
0.9696561694145203
0.9631630778312683
0.9584780931472778
0.9280867576599121
0.9283941984176636
0.8880826234817505
0.8414801359176636
0.8565605878829956
0.8852905631065369
0.9020358920097351
0.9028264880180359
0.9025393724441528
0.9203925728797913
0.9226915836334229
0.9018750786781311
0.889926016330719
0.8910361528396606
0.8926847577095032
0.8550021052360535
0.8015217781066895
0.8263775706291199


0.8095182180404663
0.8211400508880615




0.8426846265792847
0.8872827291488647
0.9235485196113586
0.9473036527633667
0.958034336566925
0.9588350057601929
0.9576070308685303
0.9348803758621216
0.9448954463005066
0.8884686231613159
0.8741554617881775
0.8659514784812927
0.8187986016273499

0.8159791231155396
0.814401388168335
0.8242218494415283
0.8118999004364014
0.8261393308639526


0.8850939273834229
0.886836051940918
0.8852429986000061
0.9004621505737305
0.9133611917495728
0.9013311862945557
0.8920137882232666
0.9442079663276672
0.9437013864517212
0.9356451630592346
0.8891906142234802
0.8530579209327698
0.9265702366828918
0.8932501673698425
0.8913246989250183
0.8984270691871643
0.9217281937599182
0.9185563921928406
0.8576631546020508
0.8097949624061584
0.8151875734329224
0.8258580565452576
0.8744093775749207
0.9069924354553223
0.8924279808998108
0.8894602656364441
0.8891615867614746
0.8702360391616821
0.9208518862724304
0.9417286515235901
0.9551786184310913
0.9620994925498962
0.9635992050170898
0.9741449952125549
0.9781535863876343
0.9733741879463196
0.971259593963623
0.9696953892707825
0.9704771041870117
0.9681642651557922
0.9696232080459595
0.9597548842430115
0.9578229784965515
0.9435034394264221
0.9421286582946777
0.9446807503700256
0.9299880266189575
0.9300528764724731
0.9335764050483704
0.934597909450531
0.93904048204422
0.9292474985122681
0.9131038188934326
0.9167402982711792
0.9223424792289734
0.8938261270523071
0.8999926447868347
0.8811853528022766
0.887948751449585
0.8921819925308228
0.8615012168884277
0.8143765926361084
0.8084757924079895


0.8166421055793762
0.8707783222198486
0.8384683728218079
0.8328338265419006
0.8229115605354309


0.810142993927002
0.8288154006004333
0.8358063697814941
0.8306565880775452
0.8340606093406677
0.8532834053039551
0.8510562777519226
0.8557204008102417
0.8599300384521484
0.8850060701370239
0.8645871877670288
0.8823711276054382
0.9099984765052795
0.9084222316741943
0.909874677658081
0.9306344985961914
0.9447728395462036
0.9481980800628662
0.945220947265625
0.9433425664901733
0.946246862411499
0.94454425573349
0.9492780566215515
0.9519928693771362
0.9335128664970398
0.9320715069770813
0.931926429271698
0.9346161484718323
0.930191695690155
0.9475437998771667
0.9479449987411499
0.9568569660186768
0.9556047320365906
0.9560972452163696
0.9620970487594604
0.9646317958831787
0.9698807001113892
